644.21630859375
644.2109375
644.1950073242188
644.1683349609375
644.131103515625
644.0829467773438
644.0243530273438
643.9547119140625
643.8742065429688
643.7828979492188
643.6805419921875
643.5670776367188
643.4422607421875
643.3060913085938
643.1582641601562
642.998779296875
642.8274536132812
642.6438598632812
642.4479370117188
642.2391967773438
642.0176391601562
641.78271484375
641.5343017578125
641.2719116210938
640.9951171875
640.703857421875
640.3975219726562
640.0758056640625
639.7382202148438
639.3843383789062
639.013916015625
638.6264038085938
638.2212524414062
637.7984008789062
637.35693359375
636.8968505859375
636.4173583984375
635.9179077148438
635.3981323242188
634.8573608398438
634.2952270507812
633.710693359375
633.1031494140625
632.4721069335938
631.8163452148438
631.1350708007812
630.4273071289062
629.6917724609375
628.9269409179688
628.1318969726562
627.3046264648438
626.4436645507812
625.5469970703125
624.6126098632812
623.6384887695312
622.6220092773438
621.5611572265625
620.45263671875
619.2942504882812
618.082763671875
616.8152465820312
615.4885864257812
614.0997924804688
612.645263671875
611.1221923828125
609.5271606445312
607.857177734375
606.1090698242188
604.2799682617188
602.3670043945312
600.3677368164062
598.2799072265625
596.101318359375
593.8302612304688
591.465576171875
589.0062255859375
586.4515380859375
583.8016357421875
581.0567626953125
578.2178344726562
575.286376953125
572.264404296875
569.1539306640625
565.9584350585938
562.6810913085938
559.3262939453125
555.898193359375
552.4019165039062
548.8429565429688
545.2271728515625
541.5608520507812
537.8502807617188
534.1025390625
530.3245849609375
526.523681640625
522.7073364257812
518.8826293945312
515.0572509765625
511.2384033203125
507.4334716796875
503.6492614746094
499.8927307128906
496.17022705078125
492.4878234863281
488.8512878417969
485.2656555175781
481.73565673828125
478.2652587890625
474.85784912109375
471.5162658691406
468.2425537109375
465.03790283203125
461.90301513671875
458.8376159667969
455.8406677246094
452.9103698730469
450.0442199707031
447.23870849609375
444.4897155761719
441.7923583984375
439.1408996582031
436.52899169921875
433.9496154785156
431.3951721191406
428.857421875
426.3274841308594
423.7962646484375
421.25421142578125
418.69134521484375
416.09759521484375
413.4627990722656
410.7764587402344
408.02825927734375
405.2081604003906
402.30609130859375
399.3124084472656
396.2178039550781
393.0135803222656
389.6916809082031
386.244384765625
382.6651916503906
378.9480895996094
375.0882568359375
371.08160400390625
366.9251708984375
362.6173095703125
358.1571350097656
353.5450744628906
348.78289794921875
343.8733215332031
338.8203125
333.62890625
328.3055114746094
322.8572692871094
317.2926025390625
311.62078857421875
305.8519592285156
299.9971008300781
294.06787109375
288.07659912109375
282.0360107421875
275.95916748046875
269.8597717285156
263.751220703125
257.64727783203125
251.56161499023438
245.5076446533203
239.49850463867188
233.54714965820312
227.6658477783203
221.86656188964844
216.1605224609375
210.558349609375
205.06988525390625
199.70425415039062
194.46981811523438
189.37403869628906
184.4236602783203
179.62454223632812
174.98165893554688
170.4993133544922
166.1809539794922
162.02926635742188
158.04623413085938
154.2332305908203
150.59092712402344
147.11947631835938
143.8184814453125
140.68699645996094
137.72390747070312
134.9274444580078
132.2957305908203
129.82650756835938
127.51730346679688
125.36554718017578
123.36849212646484
121.52325439453125
119.82694244384766
118.27659606933594
116.8692398071289
115.6019058227539
114.47161865234375
113.4754867553711
112.6106185913086
111.87419128417969
111.26342010498047
110.77557373046875
110.407958984375
110.15792083740234
110.02288055419922
110.00027465820312
110.0875473022461
110.28216552734375
110.58162689208984
110.98342895507812
111.48506927490234
112.0840072631836
112.77771759033203
113.5636215209961
114.43912506103516
115.40160369873047
116.44841003417969
117.57685089111328
118.78410339355469
120.06744384765625
121.42399597167969
122.85090637207031
124.34522247314453
125.90396881103516
127.52413940429688
129.20272827148438
130.9365692138672
132.7226104736328
134.55772399902344
136.43870544433594
138.36236572265625
140.32557678222656
142.3250732421875
144.3577117919922
146.42025756835938
148.509521484375
150.6223602294922
152.75555419921875
154.90602111816406
157.07070922851562
159.2464141845703
161.4302215576172
163.6190643310547
165.81005859375
168.0003204345703
170.1869659423828
172.36729431152344
174.53854370117188
176.69810485839844
178.8433380126953
180.97178649902344
183.0811004638672
185.16880798339844
187.23272705078125
189.2706298828125
191.2804718017578
193.26022338867188
195.20791625976562
197.1217498779297
198.99996948242188
200.84092712402344
202.64309692382812
204.40496826171875
206.1251983642578
207.80250549316406
209.4357147216797
211.0237274169922
212.5656280517578
214.06040954589844
215.50732421875
216.9057159423828
218.25489807128906
219.55441284179688
220.8037567138672
222.0026397705078
223.15074157714844
224.24789428710938
225.2939453125
226.2888946533203
227.23272705078125
228.1254425048828
228.96731567382812
229.7583465576172
230.49887084960938
231.18905639648438
231.82925415039062
232.41969299316406
232.9607391357422
233.45269775390625
233.89593505859375
234.290771484375
234.6375732421875
234.9366912841797
235.18841552734375
235.39321899414062
235.55137634277344
235.66323852539062
235.72923278808594
235.74972534179688
235.72509765625
235.6558074951172
235.54238891601562
235.38536071777344
235.18536376953125
234.94308471679688
234.6593780517578
234.3351593017578
233.9715118408203
233.5696563720703
233.1310272216797
232.65721130371094
232.1500701904297
231.611572265625
231.04417419433594
230.45034790039062
229.83299255371094
229.19525146484375
228.54067993164062
227.8729248046875
227.19625854492188
226.51502990722656
225.83412170410156
225.15853881835938
224.49386596679688
223.84576416015625
223.22047424316406
222.62428283691406
222.0639190673828
221.54644775390625
221.07901000976562
220.6690673828125
220.3243408203125
220.0526580810547
219.86203002929688
219.7605438232422
219.75645446777344
219.8579864501953
220.07345581054688
220.41110229492188
220.8791046142578
221.48561096191406
222.23863220214844
223.14593505859375
224.2151641845703
225.45362854003906
226.86842346191406
228.4663543701172
230.253662109375
232.23648071289062
234.42041015625
236.81039428710938
239.41114807128906
242.22662353515625
245.2604217529297
248.51528930664062
251.99359130859375
255.69680786132812
259.6258239746094
263.7808837890625
268.1612854003906
272.7656555175781
277.5919494628906
282.6370544433594
287.8971862792969
293.3677062988281
299.0430603027344
304.9168701171875
310.9820251464844
317.23016357421875
323.65252685546875
330.2392272949219
336.97967529296875
343.8624572753906
350.87542724609375
358.0056457519531
365.2395935058594
372.5630798339844
379.96136474609375
387.4190979003906
394.9207763671875
402.4503479003906
409.99151611328125
417.5278015136719
425.0428161621094
432.5198669433594
439.9427185058594
447.295166015625
454.5612487792969
461.7254333496094
468.7727966308594
475.68902587890625
482.46026611328125
489.0733947753906
495.51629638671875
501.7777099609375
507.8470458984375
513.7150268554688
519.372802734375
524.8133544921875
530.0299072265625
535.0171508789062
539.7705078125
544.2864379882812
548.5623779296875
552.5963745117188
556.3878784179688
559.936279296875
563.2421264648438
566.3064575195312
569.130615234375
571.7167358398438
574.0665893554688
576.1826171875
578.0673828125
579.7235107421875
581.1529541015625
582.3583374023438
583.341552734375
584.1043090820312
584.6481323242188
584.9739379882812
585.0825805664062
