566.7120971679688 216.7774658203125
558.2097032991101 215.6331380871786
549.4461902588009 214.21595938072943
540.432969842674 212.57891672483996
531.1820396160061 210.77239984708746
521.7059550168228 208.8442475901621
512.0178014589986 206.83979432327726
502.13116643536114 204.80191635358008
492.06011162079386 202.7710783375618
481.81914497533654 200.78537969246793
471.42319284729007 198.88060100770954
460.88757207631835 197.0902504562727
450.22796209655 195.44561020612966
439.460377039682 193.97578283164887
428.6011378380814 192.70773772500542
417.66684432788844 191.6663575075918
406.6743473521186 190.8744844414281
395.6407208637658 190.35296684057238
384.58323402890426 190.1207054825314
373.51932332979084 190.1947000196706
362.46656466796884 190.59009539062507
351.4426454673694 191.32022823170956
340.4653367774144 192.3966732883293
329.55246537611873 193.82928982638992
318.72188587319374 195.62626804370856
307.9914528131485 197.79417548142374
297.3789927783932 200.33800343540594
286.90227649234134 203.2612133676682
276.57899092251245 206.5657833177766
266.42671138363465 210.25225431426017
256.46287364074703 214.31977678602217
246.70474601230205 218.76615697374976
237.16940147326864 223.58790334132496
227.87368975823415 228.78027298723472
218.83420946450715 234.33731805598165
210.06728015522006 240.25193214949428
201.58891446243126 246.51589673853746
193.41479019022825 253.11992757412312
185.56022241782983 260.0537210989202
178.04013560268868 267.3060008586656
170.86903568359372 274.8645639135742
164.0609821837732 282.71632724974967
157.62956031399634 290.84737419059456
151.58785307567695 299.2430008082211
145.94841336397502 307.887762334861
140.72323607090001 316.7655195742768
135.92373018841275 325.85948531317183
131.56069091152835 335.1522707326002
127.64427174141875 344.6259318193781
124.18395658851512 354.26201577749373
121.18853187561035 364.041607439518
118.66605864096182 373.9453756780144
116.62384464139376 383.95361981695004
115.06841645539978 394.046316043106
114.00549158624551 404.2031638174877
113.43995056507111 414.4036322867352
113.37580905399375 424.6270066945337
113.81618994921021 434.8524347930238
114.76329548409942 445.0589732542128
116.2183793323249 455.2256340813841
118.1817187109375 465.33143102050775
120.65258648347768 475.3554259716518
123.62922326307832 485.2767754003916
127.108809515567 495.07477674922103
131.08743766256876 504.7289148489625
135.56008418460846 514.2189083301777
140.52058172421349 523.5247560345776
145.96159118901613 532.6267834264338
151.8745738548563 541.5056890039875
158.2497634688837 550.1425907108614
165.0761383526611 558.5190723474692
172.341393505266 566.6172299824268
180.0319127063937 574.4197183639617
188.1327406194598 581.9097973313244
196.62755489470254 589.0713782261982
205.49863827228546 595.8890703041106
214.7268506854 602.3482271458421
224.29160136336793 608.4349930688384
234.17082093474397 614.1363495386194
244.3409335304182 619.4401615801905
254.7768288867188 624.3352241894531
265.4518344485144 628.8113087446144
276.33768747231653 632.8592094175983
287.40450712938286 636.4707895854558
298.6207666088187 639.639028241775
309.95326522068024 642.3580664080923
321.36710049907674 644.6232535453025
332.8256403052734 646.4311939650687
344.2904949307937 647.7797932412336
355.72148920052194 648.6683046212295
367.0766345758057 649.0973754374886
378.31210125755854 649.0690935188538
389.3821902893625 648.5870336019891
400.2393056605707 647.6563037427895
410.8339264094095 646.2835917277923
421.1145787260818 644.4772114855867
431.0278080558687 642.2471494982251
440.5181512022326 639.6051112126322
449.5281084299197 636.5645674520174
457.9981155680622 633.1408008272834
